version = "1.0.0"

mapWidth = 14142.135623730952
mapHeight = 14142.135623730952

cameraWidth = 1980
cameraHeight = 1020

gameMode = 0
serverPort = 8080

foodStartSize = 10

timeStep = 40
